## ListNet
## Epochs = 1500
## No. of features = 46
1 2 3 4 5 6 7 8 9 10 11 12 13 14 15 16 17 18 19 20 21 22 23 24 25 26 27 28 29 30 31 32 33 34 35 36 37 38 39 40 41 42 43 44 45 46
0
0 0 -0.005010378692888176
0 1 0.08561246639916127
0 2 0.09500312636868272
0 3 -0.003274368071838395
0 4 0.1385446226376497
0 5 0.09062034636735916
0 6 0.007290297653526068
0 7 -0.03702257201075554
0 8 0.041769545525312424
0 9 0.027543921023607254
0 10 0.0014005893017271255
0 11 0.05914068015006855
0 12 0.0721184976784328
0 13 -0.050221653152006725
0 14 0.02779418159281296
0 15 0.047784326279587036
0 16 0.12816840178162137
0 17 -0.0016726648557343381
0 18 7.35439890371188E-4
0 19 0.0807476212209355
0 20 0.1289875237796488
0 21 0.14831475179177897
0 22 0.17291021287054692
0 23 0.26780467356857557
0 24 0.051345953272613445
0 25 0.13432908914924255
0 26 0.08841170705572844
0 27 0.07457584392529576
0 28 0.1923296233769237
0 29 0.026960688357290104
0 30 0.12925427909903955
0 31 0.10823497352722725
0 32 0.06779361139100262
0 33 -0.04133249659368031
0 34 0.022690657108216054
0 35 -0.0067306242851789206
0 36 0.16314121679448798
0 37 0.27492515388504274
0 38 0.19001109262489072
0 39 0.12783861900581084
0 40 -0.139903949452917
0 41 -0.051729679503309374
0 42 -0.027803415432572365
0 43 -0.00941729780835851
0 44 -0.05336629158655265
0 45 -0.03153029430318498
0 46 0.08435771614313126
