## RankNet
## Epochs = 100
## No. of features = 46
## No. of hidden layers = 1
## Layer 1: 10 neurons
1 2 3 4 5 6 7 8 9 10 11 12 13 14 15 16 17 18 19 20 21 22 23 24 25 26 27 28 29 30 31 32 33 34 35 36 37 38 39 40 41 42 43 44 45 46
1
10
0 0 0.1152696868731503 0.10378557452158889 0.02762468469745732 0.1066897134320614 -0.04701926163398494 0.18251182084068612 -0.0390293824858769 0.12542418873455952 0.002932664580766938 -0.2736819073816071
0 1 0.09257447148229057 0.16841643382010069 -0.08831376548494976 -0.037219487292484046 -0.1483940226709114 0.04719733931223718 -0.13291503385410586 0.1434800447152656 -0.06118302856354035 -0.2486299974534972
0 2 0.1751984288317621 0.2729829825904806 -0.05382043870465065 0.011735983108646965 -0.14628987569103336 0.10518183205554106 -0.32590614251811784 0.34555618169944224 0.045939832589366604 -0.3770700743085297
0 3 0.04261417390271873 -0.08902069917766432 -0.008772956128350547 -0.012140892220074216 -0.005562200402839678 0.07248260110087687 0.013232257559743487 -0.06044602098080307 -0.018519590917998346 0.016620372840619898
0 4 0.0823104031908954 0.19672805574246047 0.023646613758394542 -0.03242526537509463 -0.08947202999440687 0.16515205040723646 -0.08546685876734877 0.15564605032433335 -0.01698249892734754 -0.11355437424179109
0 5 -0.015634428709745407 0.07773832976818085 -0.09108929336071014 -0.026934409514069557 0.01399298943579197 0.037448398768901825 0.03178244084119797 -0.06551208347082138 -0.058958493173122406 0.018268346786499023
0 6 0.0721793919801712 -0.028576195240020752 0.07719997316598892 -0.057853780686855316 0.031494367867708206 0.005001574754714966 0.05463672801852226 -0.04962797090411186 -0.08937396109104156 0.09905105829238892
0 7 -0.010217922739684582 -0.03393777459859848 0.035283662378787994 -0.014095860533416271 -0.029540980234742165 0.060044847428798676 -0.09372596442699432 0.027814829722046852 0.08953770995140076 0.04327145218849182
0 8 0.03664589673280716 0.02152201533317566 0.035241760313510895 -0.019061844795942307 -0.07572700828313828 -0.017776072025299072 -0.027561437338590622 -0.026286428794264793 0.08675381541252136 0.07505378872156143
0 9 0.06701697409152985 -0.03580741956830025 0.05581424757838249 0.08602403104305267 0.012561505660414696 -0.07714103162288666 0.05283832550048828 0.02683727815747261 0.05689018964767456 0.005992758087813854
0 10 0.11050104187546517 0.06846990068535795 -0.12382228089121418 0.1283886108147674 -0.08328122540027537 0.16045511377262042 -0.2047091763865209 0.0331794291544283 -0.08694577776712395 -0.18867261947938985
0 11 0.19569888053200837 0.1134938670381489 -0.0657816347079972 0.057013220806416874 -0.037746445584821486 0.14006755430914034 -0.2388781363890404 0.15005924574458174 0.010830557116495923 -0.2116703035321078
0 12 0.18622676446547093 0.2500023386588726 -0.013970132212248073 0.058510386530550004 -0.2332361419412899 0.242821626400307 -0.3071114633070857 0.1818018524997578 -0.05266053030530214 -0.4559422328791679
0 13 -0.0611889252591876 -0.03581502229575105 0.08154475855350475 0.07158038636578923 -0.04578383540290194 0.033736819074927295 0.010933739142564295 -0.019949394114993295 0.0969785167598205 -0.11453716880195351
0 14 0.13171681431397292 0.07090135734501632 0.06446605653176014 0.00985332227389112 -0.11952342304911903 0.09689245041807185 -0.08075322797178786 0.0025140091078000143 -0.010480318968721349 -0.18676782844785397
0 15 -0.006392739844178228 0.05196590957024825 0.0063242847910832505 -0.020430365060440953 0.03341683766143172 -0.03902945459528061 -0.03611318261858413 0.11523504004720153 -0.036139486824022654 -0.06399723485757641
0 16 -0.06951595324486554 0.018270531883487786 -0.11139973463528349 -0.0812241810720169 0.026611848297231788 -0.005335080457922643 -0.008079805625346081 -0.059748675213026556 -0.037679421008012984 -0.13697948933528498
0 17 -0.06463616525365426 -0.04327557507488074 9.136417751598746E-4 0.019942124145056157 -0.0020048161766042525 -0.032017084527513506 0.11854863523357224 -0.15532569228813822 0.022460917088481903 0.17457274828343594
0 18 -0.1310427832342093 -0.28142453902230574 0.0918407323247299 -0.06277725237271284 0.11178548949434987 -0.18121875143228713 0.2645796475976437 -0.22621422279851924 0.08554685020855288 0.18191312780522143
0 19 0.12265697023336941 0.13873831129595837 -0.0727894690439546 -0.057808708933602376 -0.12411405430158626 -0.04548361283460539 -0.10952464232147126 0.08218926616021026 -0.020637568187964545 -0.04786577098454723
0 20 0.4772040227582388 0.35625107301559605 -0.17952346405834838 0.15553354349547002 -0.2587839213862024 0.34177032020655707 -0.6100486250052028 0.6224010738230625 0.024673604640371962 -0.7948435694584469
0 21 0.48704292045274233 0.47705172365093296 -0.14169566102659648 0.1940747603490391 -0.36491511046491865 0.4856913925708494 -0.62663937906842 0.5884984843708814 0.04082161799093122 -0.9204799547744986
0 22 0.5827641964427728 0.5997201514560307 -0.17363696913801216 0.28724939921444204 -0.30508692128759546 0.4398699538150897 -0.8416449739154438 0.7498705668881244 0.05680437956088559 -1.0494826204504113
0 23 0.4931319200002301 0.5909165814005698 -0.23130759874928475 0.15363248135665283 -0.23592512167567176 0.5218860530044044 -0.7539877605591052 0.50941304822561 -0.03137568183711096 -0.8814149689367147
0 24 0.19596292437621554 0.10203103274700613 -0.09091414015816242 0.007466678465363847 -0.18336329355127706 0.1069029288357244 -0.25635147578030487 0.24833398600369905 -0.025077136712027423 -0.3569008847357041
0 25 0.3151005230711635 0.1641594988600726 -0.1581326020070017 0.12182727423032871 -0.1556063137673157 0.13623186018928152 -0.2276584607689996 0.25011683345246505 -0.05316411528506461 -0.292444248534485
0 26 0.25628104852344047 0.28488905906829615 -0.05346814799099467 0.13208919287558515 -0.11237780078068546 0.16329690174910205 -0.3296719184690546 0.1970507771887974 0.021999733593485296 -0.38008271308249336
0 27 0.23854557952110644 0.14385544096544284 -0.1689107941766849 0.03162898715719063 -0.21254579297259477 0.23593229361048385 -0.2227505144080882 0.24370043279149387 -0.08572296417517475 -0.45823296016195375
0 28 0.2968700284615442 0.2648288225567573 -0.10534248141597258 0.06540620122062552 -0.19117891936979903 0.26853211905313173 -0.38951556584881775 0.24816135642219786 -0.08584471574954344 -0.4529523966535766
0 29 0.29449885278136895 0.15144801658348597 -0.1338510798837424 0.16952073243375046 -0.10897283055401764 0.2650392859802405 -0.25254366671690887 0.30483289121661405 0.04177459963246021 -0.421733606315703
0 30 0.28589460086655977 0.26464071249225435 -2.924556944646553E-4 0.18322895729186775 -0.11353109447103703 0.2290070951299561 -0.42769566426008343 0.39339461456251296 0.0033115013004153876 -0.47266098045378846
0 31 0.20431557894859706 0.34175639110787515 -0.17604810678734176 -0.0019078589712552768 -0.04942928439460496 0.1650493090593981 -0.2852214168672214 0.35081599686435966 0.00158714951014248 -0.5083062475147921
0 32 0.12768715552083404 0.17105487420496562 -0.04714878952860941 0.09509378713310436 -0.06909737965420847 -0.001990876707791738 -0.04004980774554994 0.029516442893361347 0.055431265769563365 -0.23529774768108153
0 33 0.09391301287790367 -0.00977673307328656 -0.0901049047068443 -0.03142479617242884 -0.11309027679179344 0.004423452605045413 -0.1450674877230556 0.15944799409373414 0.0920229852134614 -0.16878842106669892
0 34 0.17049369465853373 0.10846782596057439 0.03495982105798894 0.002056881155435301 -0.09967453030592859 0.15547251620059346 -0.20075257082759407 0.18731526692662812 -0.029207175366252395 -0.19935836691287417
0 35 0.014444268371719762 0.08770906175553246 -0.06109252928083722 0.11227189116264308 -0.03974541721108437 -0.010938481466025553 -0.11659885791379788 0.045136899923013465 -0.07452337180930212 -0.15268138390200262
0 36 0.521717418905923 0.356379944941301 -0.15934716722833506 0.22210530143675128 -0.2834107394982853 0.5015452521195968 -0.5601116074099494 0.5063712371114248 -0.11162694723854709 -0.7552850385910206
0 37 0.4180246830885647 0.5042538612581978 -0.12068367466045117 0.26959360314635994 -0.22252627241741887 0.5240903936619735 -0.6807390400239284 0.5628806389834369 -0.034700003641847686 -0.8699294621185673
0 38 0.6806043070704012 0.513179692207205 -0.22156993928799212 0.19264519876188213 -0.39739520255768845 0.6010901654501137 -0.8439953343676159 0.6661327799073709 -0.0816644197925199 -1.090046571069886
0 39 0.4417051988352305 0.5304506092091529 -0.25839566796032704 0.22379239881815247 -0.29506871236392307 0.37318846387257026 -0.6858249411986879 0.5116965019045583 -0.1234674283923752 -0.9931896765430661
0 40 -0.11786633902421506 -0.08362626860777665 0.08892968845641215 -0.04604509616891384 0.07736754825036447 -0.07294513202645982 0.251810669876672 -0.2034218801724929 -0.043634587482597575 0.18928708148960247
0 41 -0.26176796870117014 -0.2257484142847119 -0.012636570130362743 0.0362337458433819 0.07452201743525005 -0.10369854025489675 0.1799345751994224 -0.22875390249758537 0.05680349590352433 0.2876387711780758
0 42 -0.05278260260820389 0.055899519473314285 -0.009072935208678246 -0.03620247170329094 -0.07932929694652557 -0.09985866397619247 -5.634725093841553E-4 -0.04535270854830742 -0.0943441316485405 0.061887193471193314
0 43 0.018721205009025875 0.0903438174637122 -0.05073129155201778 -0.04956184341346931 0.07671261187856876 -0.032231590212543626 -0.05812178002854377 0.05760805347502773 0.08115065259045696 -0.0830110043277017
0 44 0.03825247301635675 -0.05832678531453704 -0.06788975298529788 -0.09763267491943747 -0.07130469913661057 -0.0011716460968499002 -0.00690266052384239 -0.06241140812950857 0.017342028918011284 -0.05511362283970731
0 45 -0.041051566090870024 0.07237264128554691 0.0017553329385019203 -0.016224961652336847 -0.03413692851258267 0.06605633716500568 0.07410533893003775 0.03426976077118404 -0.0234920500523417 0.10149232437860586
0 46 -0.22178079316013738 -0.15965136685155415 0.057695427357076924 0.032726177482809836 0.05672345896811643 -0.1606152218901557 0.12327424936826487 -0.21670347199607626 0.03243795317649059 0.15092210839247747 -0.29344371598011737
1 0 1.3278949054673406
1 1 1.2840992202991706
1 2 -0.6556369142650277
1 3 0.5651330452619687
1 4 -0.9345048286423573
1 5 1.1799288966896204
1 6 -1.580440433118199
1 7 1.4719555297554776
1 8 -0.19163230266377185
1 9 -1.7326560902465618
